fips,DEMOCRAT,REPUBLICAN
1001,4942,11993
1003,13997,40872
1005,5188,5096
1007,2710,4273
1009,4977,12667
1011,3395,1433
1013,3606,4127
1015,15781,22306
1017,5616,6037
1019,3497,4154
1021,4806,10066
1023,3707,3600
1025,4679,5988
1027,2045,3719
1029,1664,3333
1031,5220,9938
1033,10543,10518
1035,2783,2699
1037,2104,2382
1039,4440,8961
1041,1934,2793
1043,9758,19157
1045,4906,10593
1047,10967,7360
1049,7056,12827
1051,6652,16777
1053,4523,6975
1055,17433,21087
1057,3064,4582
1059,4793,6119
1061,2769,6588
1063,3504,850
1065,4652,2984
1067,2782,4054
1069,9412,22150
1071,9066,8475
1073,129889,138491
1075,2653,4470
1077,13875,17478
1079,6296,5671
1081,14574,22433
1083,8992,14204
1085,4557,1638
1087,7665,1091
1089,48199,62151
1091,4841,4690
1093,4600,6910
1095,10381,17084
1097,58640,78162
1099,3741,5153
1101,40371,38827
1103,16060,25774
1105,4020,1732
1107,4143,4306
1109,4357,6058
1111,3094,4666
1113,8396,6198
1115,6485,17117
1117,13183,47651
1119,4415,1629
1121,11264,13807
1123,6183,9805
1125,24614,34003
1127,11621,13486
1129,3386,4117
1131,3444,1661
1133,2692,6413
4001,13025,5947
4003,13360,18180
4005,20280,17562
4007,7700,9158
4009,3355,6007
4011,1216,1619
4012,1769,2543
4013,386683,479967
4015,17470,24386
4017,11794,12386
4019,147688,124579
4021,19650,20122
4023,5233,3344
4025,24063,40144
4027,12055,15708
5001,2877,3353
5003,4253,3876
5005,6516,9538
5007,17277,34838
5009,4493,8569
5011,2122,1793
5013,1017,1128
5015,3595,5556
5017,2820,1564
5019,4661,3776
5021,3527,2254
5023,4120,5730
5025,1414,1678
5027,4003,5018
5029,3496,3545
5031,12376,12158
5033,6288,10804
5035,7224,5857
5037,3096,3033
5039,1710,1571
5041,2776,1603
5043,3060,2756
5045,11950,16055
5047,2674,3277
5049,1976,2036
5051,15840,19098
5053,2535,3285
5055,6319,5831
5057,3937,3257
5059,5527,5042
5061,2063,2326
5063,5146,6145
5065,2587,2301
5067,3651,2280
5069,17716,8765
5071,3270,3657
5073,1806,1538
5075,3255,2626
5077,2727,1351
5079,1957,1526
5081,2883,2283
5083,3283,4487
5085,6851,10606
5087,2055,3387
5089,2233,3402
5091,6278,7276
5093,7107,5199
5095,1910,1329
5097,1438,2128
5099,1867,1796
5101,1205,2529
5103,5464,4739
5105,1648,2114
5107,6018,3154
5109,1604,2275
5111,4102,2988
5113,2315,4600
5115,6669,11244
5117,1563,1862
5119,68320,55866
5121,3019,2673
5123,4986,3414
5125,12700,18617
5127,1444,2399
5129,1229,2610
5131,15555,23483
5133,2095,2111
5135,3236,3698
5137,2043,2623
5139,6261,8647
5141,3202,3485
5143,21425,28231
5145,8342,13170
5147,1699,898
5149,3062,3223
6001,342889,119279
6003,265,281
6005,5906,8766
6007,31338,45584
6009,7093,10599
6011,1745,3629
6013,224338,141373
6015,3117,4526
6017,26220,42045
6019,95059,117342
6021,2498,5795
6023,24851,23219
6025,15489,12524
6027,2652,4713
6029,66003,110663
6031,11041,16377
6033,10717,8699
6035,2982,7080
6037,1710505,871930
6039,11650,20283
6041,79135,34872
6043,2816,4727
6045,16634,12272
6047,22726,26102
6049,945,2969
6051,1788,2296
6053,67618,43761
6055,28097,20633
6057,17670,25998
6059,391819,541299
6061,42449,69835
6063,3458,6343
6065,202576,231955
6067,212792,195619
6069,9131,7015
6071,214749,221757
6073,437666,475736
6075,241578,51496
6077,79776,81773
6079,44526,56859
6081,166757,80296
6083,73411,71493
6085,332490,188750
6087,66618,29627
6089,20127,43278
6091,540,1172
6093,6323,12198
6095,75116,51604
6097,117295,63529
6099,56448,67188
6101,8416,17350
6103,6507,13270
6105,1932,3340
6107,33006,54070
6109,9359,13172
6111,133258,136173
6113,33747,23057
6115,5546,9838
8001,54132,47561
8003,2455,2857
8005,82614,97768
8007,1432,2988
8009,531,1663
8011,783,1096
8013,69983,50873
8015,2768,4300
8017,209,957
8019,2188,2247
8021,1749,1772
8023,1054,504
8025,511,855
8027,507,1451
8029,3264,8372
8031,122693,61224
8033,293,741
8035,27076,56007
8037,6772,7165
8039,2326,6151
8041,61799,128294
8043,5293,9914
8045,6087,9103
8047,1099,1006
8049,2308,3570
8051,3059,3128
8053,188,316
8055,1495,1466
8057,173,682
8059,100970,120138
8061,211,728
8063,809,2542
8065,1296,1056
8067,7864,9993
8069,46055,62429
8071,3243,2569
8073,510,1630
8075,2296,5531
8077,15465,32396
8079,168,294
8081,1223,3840
8083,2556,6158
8085,4041,9266
8087,2885,5722
8089,2963,4082
8091,705,1279
8093,2393,3677
8095,564,1573
8097,4137,2565
8099,1361,3026
8101,28888,22827
8103,543,2185
8105,1707,3111
8107,4208,4472
8109,1145,1078
8111,149,210
8113,1598,1043
8115,384,877
8117,5304,4497
8119,2750,6477
8121,477,1878
8123,23436,37409
8125,1082,3156
9001,193769,159659
9003,221167,127468
9005,41806,39172
9007,43319,29295
9009,197928,122919
9011,60449,41168
9013,33554,24705
9015,24023,16708
10001,22790,24081
10003,127539,78587
10005,29739,34620
11001,171923,18073
12001,47365,34124
12003,2392,5610
12005,18850,38637
12007,3075,5414
12009,97318,115185
12011,387703,177902
12013,2155,2873
12015,29645,35426
12017,25525,29767
12019,14632,41736
12021,29921,60450
12023,7047,10964
12027,3320,4256
12029,1826,2697
12031,107864,152098
12033,40943,73017
12035,13897,12613
12037,2046,2454
12039,9735,4767
12041,1910,3300
12043,1442,1841
12045,2397,3550
12047,1722,2146
12049,2339,3765
12051,3240,4747
12053,32644,30646
12055,14167,20206
12057,169557,180760
12059,2177,5011
12061,19768,28635
12063,6868,9138
12065,3041,2478
12067,789,1670
12069,36571,50010
12071,73560,106141
12073,61427,39062
12075,5398,6858
12077,1017,1317
12079,3014,3038
12081,49177,57952
12083,44665,55141
12085,26620,33970
12086,328808,289533
12087,16483,16059
12089,6952,16404
12091,16948,52093
12093,4588,5057
12095,140220,134517
12097,28181,26212
12099,269732,152951
12101,69564,68582
12103,200630,184825
12105,75200,90295
12107,12102,13447
12109,19502,39546
12111,41559,34705
12113,12802,36274
12115,72853,83100
12117,59174,75677
12119,9637,12127
12121,4075,8006
12123,2649,4056
12125,1407,2332
12127,97304,82357
12129,3838,4512
12131,5642,12182
12133,2798,4994
13001,2093,3940
13003,821,1228
13005,956,2010
13007,893,615
13009,5893,6041
13011,1220,3202
13013,3657,7925
13015,7508,14720
13017,2234,2381
13019,1640,2718
13021,24996,24071
13023,1273,2436
13025,1372,3118
13027,2096,2406
13029,2172,4835
13031,5561,8990
13033,3720,3381
13035,2281,3198
13037,1107,768
13039,3636,6371
13043,1053,1643
13045,8752,16326
13047,5470,12033
13049,1015,1770
13051,37590,37847
13053,600,590
13055,2729,3640
13057,12295,38033
13059,15167,11850
13061,821,448
13063,40042,19966
13065,816,1091
13067,86676,140494
13069,3593,5756
13071,3297,6589
13073,8969,26660
13075,1639,2279
13077,9056,21327
13079,1513,1987
13081,2268,3285
13083,1628,3333
13085,1458,4210
13087,3398,4187
13089,154509,58807
13091,2326,3472
13093,1901,1588
13095,16650,12248
13097,11162,18893
13099,1622,1938
13101,272,614
13103,3232,7326
13105,2527,3262
13107,2835,3343
13109,1217,1841
13111,2736,5463
13113,11912,29338
13115,10282,16194
13117,6694,27769
13119,2040,3659
13121,152039,104870
13123,2230,4941
13125,249,763
13127,7778,14346
13129,4032,7944
13131,2721,3894
13133,2137,2980
13135,61434,121756
13137,2530,6964
13139,10259,26841
13141,2414,662
13143,2869,5153
13145,2912,5554
13147,3192,4242
13149,1178,1947
13151,11971,25815
13153,13301,23174
13155,1105,1720
13157,3420,7878
13159,1558,2298
13161,1379,2797
13163,2973,2559
13165,1250,1317
13167,1065,1797
13169,3102,4850
13171,2194,2912
13173,832,1048
13175,5724,8133
13177,1936,5872
13179,5347,4455
13181,1275,1807
13183,975,1320
13185,10616,14462
13187,2121,4427
13189,2580,3926
13191,2047,1766
13193,2757,1566
13195,2285,5529
13197,982,1187
13199,3441,3162
13201,783,1349
13205,2971,2790
13207,2839,4561
13209,1013,1465
13211,2238,3524
13213,2684,5539
13215,28193,23479
13217,6703,11127
13219,3184,7611
13221,1519,2706
13223,6743,16881
13225,3540,3525
13227,2489,5488
13229,1300,3348
13231,1413,3358
13233,4112,5841
13235,1390,1922
13237,2612,3596
13239,542,348
13241,1776,3451
13243,1381,1174
13245,31413,25485
13247,8295,15440
13249,460,706
13251,2233,2461
13253,1313,1537
13255,5831,9271
13257,2869,5370
13259,1267,675
13261,4748,4847
13263,1662,844
13265,556,271
13267,1963,3597
13269,1340,1412
13271,1777,1693
13273,1584,1504
13275,4862,7093
13277,3547,6678
13279,2643,4487
13281,1495,2902
13283,879,1062
13285,6379,11198
13287,1169,1258
13289,1977,1570
13291,2230,4567
13293,3158,5019
13295,6341,12326
13297,5484,12966
13299,3480,6099
13301,1196,933
13303,3476,3162
13305,2736,5219
13307,541,359
13309,752,813
13311,2014,4857
13313,7034,15852
13315,962,1381
13317,1940,2044
13319,1884,1800
13321,2214,3792
15001,28670,17050
15003,139618,101310
15007,13470,6583
15009,23484,12876
16001,40650,75050
16003,336,1476
16005,10892,18223
16007,517,2296
16009,895,2606
16011,3310,10628
16013,3748,3528
16015,745,2019
16017,4318,8945
16019,7235,24988
16021,832,2797
16023,354,1054
16025,113,359
16027,10588,30560
16029,475,2601
16031,1087,5983
16033,63,311
16035,841,2885
16037,416,1794
16039,1840,4891
16041,513,3594
16043,699,4242
16045,1346,4376
16047,1282,3502
16049,1187,5806
16051,1100,6480
16053,1360,4418
16055,13488,28162
16057,5661,8161
16059,660,2859
16061,335,1295
16063,437,1049
16065,816,7941
16067,1344,4907
16069,4995,10577
16071,307,1426
16073,623,2450
16075,1643,4961
16077,755,1872
16079,2225,2879
16081,720,1745
16083,5777,15794
16085,1129,2548
16087,980,2899
17001,12197,17331
17003,2357,1588
17005,3060,3804
17007,6481,8617
17009,1077,1529
17011,7754,8526
17013,1310,1229
17015,3113,3835
17017,2789,2968
17019,35515,34645
17021,6799,7537
17023,2932,4398
17025,2212,3789
17027,6436,8588
17029,8904,10495
17031,1280547,534542
17033,3333,4974
17035,1870,2964
17037,14798,17139
17039,2870,3968
17041,3215,4734
17043,152550,201037
17045,3216,4833
17047,978,2212
17049,4225,9855
17051,3886,5200
17053,2090,3889
17055,10201,8490
17057,8940,6936
17059,1878,1591
17061,2490,3129
17063,7516,8709
17065,1943,2519
17067,4256,5134
17069,1184,1366
17071,2030,1708
17073,11921,10896
17075,4397,8685
17077,11773,9823
17079,1815,3119
17081,6685,8362
17083,4355,4699
17085,4585,5304
17087,1928,3285
17089,60127,76996
17091,19180,20049
17093,8444,13688
17095,12572,9912
17097,115058,120988
17099,23355,21276
17101,2822,3594
17103,6111,8069
17105,5829,9187
17107,4600,8141
17109,6080,6465
17111,40698,62112
17113,24936,34008
17115,24262,23830
17117,11015,9749
17119,59077,48821
17121,8068,8240
17123,2570,3145
17125,3192,3411
17127,2912,3676
17129,2164,3862
17131,4400,3688
17133,5797,7632
17135,6542,6226
17137,5899,8058
17139,2529,3058
17141,7673,12325
17143,38604,36398
17145,4862,4802
17147,3488,4619
17149,3198,4706
17151,927,1346
17153,1518,1430
17155,1657,1437
17157,6794,7127
17159,2491,4718
17161,37957,25194
17163,55961,42299
17165,5427,5933
17167,38414,50374
17169,1587,2077
17171,954,1458
17173,4018,5851
17175,1211,1694
17177,8062,10715
17179,25379,31537
17181,3982,4397
17183,15406,15783
17185,1987,3406
17187,3524,3899
17189,2638,4353
17191,2209,5347
17193,2958,4521
17195,12886,11252
17197,90902,95828
17199,12192,14012
17201,51981,53816
17203,5529,10905
18001,3775,8555
18003,41636,70426
18005,9015,16200
18007,1328,2441
18009,2103,2699
18011,4763,13161
18013,2608,3871
18015,2965,5102
18017,5412,9305
18019,17360,19417
18021,3605,6393
18023,3643,7141
18025,1817,2327
18027,2697,6872
18029,6020,11452
18031,2889,6115
18033,4776,8701
18035,20876,22105
18037,5090,10134
18039,16402,36756
18041,3415,5060
18043,13209,16486
18045,2717,4408
18047,2591,5587
18049,2960,5218
18051,5802,7734
18053,9712,16153
18055,4898,7452
18057,18002,56372
18059,6503,15943
18061,5870,8711
18063,10786,28651
18065,7647,10321
18067,12899,20331
18069,4119,10113
18071,5330,9054
18073,3744,7212
18075,3167,4687
18077,5117,6582
18079,3549,5732
18081,11952,29404
18083,6300,8485
18085,5785,19040
18087,2733,5437
18089,109078,63389
18091,19736,18994
18093,5071,10677
18095,23403,27956
18097,134189,137810
18099,5541,10266
18101,1518,3008
18103,4155,8401
18105,17523,19147
18107,3899,8891
18109,6228,15286
18111,2101,3250
18113,4822,9103
18115,951,1515
18117,2601,4687
18119,2253,4019
18121,2481,3841
18123,3823,3461
18125,2605,3566
18127,26790,31157
18129,4430,6498
18131,1919,3497
18133,4123,7352
18135,3906,6020
18137,3498,6988
18139,2370,4749
18141,47703,47581
18143,3915,3761
18145,5374,9590
18147,3752,5096
18149,4136,4349
18151,4103,6953
18153,3833,4319
18155,1336,1831
18157,18220,26106
18159,2392,4784
18161,927,1838
18163,29222,35846
18165,3370,3130
18167,17570,18021
18169,4277,8321
18171,1471,2218
18173,8749,13205
18175,3675,5868
18177,10273,14273
18179,3319,7755
18181,3655,6037
18183,4107,8080
19001,1753,2275
19003,897,1170
19005,2883,3277
19007,2560,2992
19009,1780,1909
19011,5915,5468
19013,30112,23468
19015,6270,5625
19017,5169,5675
19019,5045,4092
19021,3297,4354
19023,2735,3837
19025,2132,2776
19027,4463,4879
19029,2481,4206
19031,4033,4031
19033,12185,9397
19035,2845,3463
19037,3435,2936
19039,2081,1984
19041,3294,3992
19043,4238,4034
19045,12276,9229
19047,2838,3482
19049,8561,10306
19051,1691,1956
19053,1674,1903
19055,3808,4273
19057,11351,7385
19059,3660,4225
19061,22341,16462
19063,2165,2331
19065,4640,4747
19067,3830,3191
19069,2122,2657
19071,1459,2069
19073,2301,2282
19075,2139,3851
19077,2493,2840
19079,3407,3968
19081,2281,2988
19083,3734,4486
19085,2551,3802
19087,3907,4476
19089,2426,1922
19091,1949,2846
19093,1411,1968
19095,3230,3894
19097,4945,3769
19099,8699,8729
19101,2863,3248
19103,31174,17899
19105,4690,4201
19107,2181,2571
19109,3960,4612
19111,9632,6339
19113,48897,40417
19115,2294,2207
19117,1934,2262
19119,1313,3918
19121,3093,3662
19123,3370,5971
19125,5741,8358
19127,8322,8785
19129,2039,3684
19131,2650,2388
19133,2086,2304
19135,1699,1858
19137,1838,3417
19139,8058,7483
19141,2170,4674
19143,913,2064
19145,2293,4588
19147,2326,2341
19149,3499,6189
19151,1736,2242
19153,89715,79927
19155,14726,18783
19157,4222,4396
19159,1246,1369
19161,2099,2776
19163,35857,32801
19165,2179,3655
19167,2148,12241
19169,17478,16228
19171,4045,4034
19173,1247,1770
19175,2540,3003
19177,1440,2016
19179,8355,6313
19181,9521,9621
19183,3932,4827
19185,1300,1666
19187,8479,8172
19189,2691,2662
19191,4339,4647
19193,17691,18864
19195,2208,1659
19197,2796,3384
20001,2132,3379
20003,1327,1984
20005,3171,3378
20007,637,1755
20009,3238,7302
20011,2211,3852
20013,1512,2985
20015,6755,13377
20017,391,848
20019,443,1347
20021,3783,5014
20023,350,1312
20025,292,926
20027,951,2998
20029,1314,2918
20031,1196,2700
20033,211,760
20035,5535,8080
20037,7076,7160
20039,424,1255
20041,2413,5243
20043,1134,2350
20045,18249,17062
20047,447,1062
20049,402,1080
20051,3926,6516
20053,825,1845
20055,2431,6442
20057,2566,6050
20059,3321,5925
20061,2660,3977
20063,296,1122
20065,346,1058
20067,683,2126
20069,482,1631
20071,143,628
20073,1027,2392
20075,264,901
20077,869,2076
20079,4591,8271
20081,263,1323
20083,217,835
20085,1990,3001
20087,3000,4423
20089,380,1400
20091,79118,129965
20093,320,1084
20095,991,2672
20097,294,1262
20099,3745,4475
20101,252,846
20103,9733,12583
20105,469,1295
20107,1587,2513
20109,231,1088
20111,5190,6652
20113,3272,8501
20115,1475,4156
20117,1831,3066
20119,400,1604
20121,4554,6611
20123,751,2350
20125,4770,8496
20127,882,1599
20129,321,1203
20131,1494,3578
20133,2588,4014
20135,383,1420
20137,598,1744
20139,2530,3770
20141,484,1432
20143,631,1977
20145,968,1850
20147,611,2057
20149,2037,4985
20151,1314,2885
20153,306,1349
20155,9025,15179
20157,604,2239
20159,1422,2903
20161,6188,10672
20163,597,2016
20165,505,1235
20167,886,2434
20169,7487,12412
20171,418,1811
20173,62561,93724
20175,1126,3869
20177,34818,35894
20179,281,1132
20181,681,1894
20183,534,1534
20185,567,1546
20187,215,785
20189,345,1714
20191,3549,6176
20193,807,2822
20195,516,1220
20197,1025,2182
20199,103,737
20201,687,2446
20203,207,859
20205,1186,2748
20207,521,974
20209,32411,14024
21001,1779,5460
21003,1950,4415
21005,2902,4909
21007,1880,1824
21009,4930,8741
21011,2087,2303
21013,4787,5585
21015,9248,22016
21017,3048,3881
21019,9541,9247
21021,3963,6126
21023,888,2065
21025,2902,2084
21027,2595,4763
21029,8195,14054
21031,1299,3654
21033,2223,3161
21035,5635,7705
21037,12040,20789
21039,1149,1405
21041,1601,1818
21043,4182,4617
21045,1122,4284
21047,6778,10787
21049,4918,7297
21051,1723,4926
21053,1032,3224
21055,1610,2469
21057,736,2220
21059,14126,21361
21061,1710,3250
21063,1525,827
21065,1591,3033
21067,47277,54495
21069,1813,3282
21071,10088,5068
21073,10853,10209
21075,1452,1293
21077,1049,1345
21079,1713,4043
21081,2568,4405
21083,6097,7849
21085,2604,5843
21087,1085,3615
21089,7164,7233
21091,1508,2032
21093,11095,18964
21095,5365,4980
21097,2658,3793
21099,2201,3725
21101,8054,7698
21103,2117,3244
21105,940,1151
21107,6734,9490
21109,701,4079
21111,149901,145052
21113,4633,10074
21115,3251,4783
21117,19100,35363
21119,4349,2029
21121,3690,6058
21123,1727,3384
21125,4856,13029
21127,2258,2969
21129,836,1893
21131,1210,3159
21133,4698,4092
21135,1293,3217
21137,2678,4795
21139,2022,2118
21141,3885,5344
21143,1680,1688
21145,11412,14745
21147,1418,3321
21149,1747,2219
21151,9309,13682
21153,2603,2785
21155,2778,3259
21157,6203,7294
21159,1714,2667
21161,2178,3572
21163,3596,5319
21165,1038,1170
21167,3092,5362
21169,1318,2476
21171,1158,4377
21173,3833,4534
21175,1875,2295
21177,6295,5518
21179,5481,7714
21181,994,1613
21183,3303,5413
21185,6236,13580
21187,1394,2582
21189,339,1466
21191,1670,3044
21193,5514,5300
21195,13611,11005
21197,2008,2258
21199,5415,15845
21201,341,630
21203,1174,3992
21205,3505,3546
21207,1710,5268
21209,5472,7952
21211,4435,8068
21213,2583,3169
21215,1554,3150
21217,2790,6151
21219,1496,2646
21221,2110,3130
21223,1181,1837
21225,2547,2749
21227,12180,20235
21229,1458,3044
21231,2312,4069
21233,2388,2599
21235,4101,7502
21237,1136,1267
21239,3995,5890
22001,8892,13814
22003,3914,4035
22005,13385,16818
22007,5222,4388
22009,6701,7329
22011,3958,7862
22013,3413,3269
22015,11933,23224
22017,47530,46807
22019,33919,38086
22021,1359,2817
22023,1435,2593
22025,1718,2912
22027,2721,3384
22029,3569,4627
22031,5036,5260
22033,76516,89128
22035,1876,1280
22037,3870,4051
22039,5763,7290
22041,2792,5363
22043,2099,4784
22045,11762,17236
22047,8355,5573
22049,2582,4347
22051,70411,105003
22053,5162,6945
22055,27190,48491
22057,14627,18575
22059,1397,4564
22061,6851,9246
22063,11008,24889
22065,2489,2127
22067,5289,6641
22069,6924,7332
22071,137630,39404
22073,21457,35107
22075,4425,6302
22077,5813,4710
22079,18898,28831
22081,2177,2200
22083,3282,4895
22085,2846,5754
22087,11682,16255
22089,8918,11981
22091,3059,1965
22093,6523,3813
22095,9745,7423
22097,18067,15449
22099,9853,9961
22101,9851,11325
22103,22722,59193
22105,15843,20421
22107,1580,1330
22109,14414,21314
22111,3205,5772
22113,8704,12495
22115,4655,8794
22117,7399,8983
22119,7197,9420
22121,5058,4924
22123,1319,3220
22125,2187,2512
22127,2167,4028
23001,26251,19948
23003,17196,16555
23005,74203,58543
23007,7593,6459
23009,12983,12732
23011,31198,23967
23013,9453,8968
23015,8634,9457
23017,13649,11835
23019,32868,35620
23021,3745,4845
23023,8844,8052
23025,11538,10684
23027,8477,8689
23029,6701,7958
23031,46618,42304
24001,10894,14656
24003,89624,104209
24005,160635,133033
24009,12986,16004
24011,3396,5300
24013,20146,41742
24015,12327,15494
24017,21873,21768
24019,5232,5847
24021,30725,45350
24023,2872,7514
24025,35665,52862
24027,58556,49809
24029,3627,4155
24031,232453,124580
24033,216119,49987
24035,6257,9970
24037,11912,16856
24039,3785,3609
24041,5854,8874
24043,18221,27948
24045,14469,16338
24047,9389,10742
24510,158765,27150
25001,62363,49686
25003,37934,15805
25005,136325,62848
25007,5474,2315
25009,178400,110010
25011,17945,10176
25013,100103,59558
25015,38543,19202
25017,404043,198914
25019,2874,1624
25021,188450,107033
25023,115376,82751
25025,154888,44441
25027,173769,114139
26001,2696,3152
26003,2071,2142
26005,15495,28197
26007,7053,6769
26009,4329,6780
26011,3685,3421
26013,1400,1836
26015,9769,15716
26017,28251,22150
26019,3546,4172
26021,28152,35689
26023,6691,8743
26025,27312,26291
26027,8808,10545
26029,4958,7018
26031,5484,6815
26033,6370,7526
26035,6287,5937
26037,13394,18054
26039,2790,3345
26041,7970,8871
26043,5533,6932
26045,23211,24803
26047,5451,8602
26049,119833,66641
26051,5573,5743
26053,4066,3929
26055,14371,22358
26057,6538,8312
26059,6495,10483
26061,5688,7895
26063,6899,8911
26065,69231,47314
26067,9481,13915
26069,6505,6345
26071,3014,2967
26073,10228,10053
26075,28160,32066
26077,48807,48254
26079,2774,3842
26081,95442,148602
26083,540,740
26085,2584,1961
26087,15749,20351
26089,4635,6840
26091,18365,20681
26093,28780,44637
26095,956,1480
26097,2533,3272
26099,172625,164265
26101,5639,5401
26103,15503,12577
26105,5579,7066
26107,6300,8072
26109,4597,5529
26111,15959,21887
26113,2062,4274
26115,31555,28940
26117,9627,12696
26119,2139,2750
26121,37865,30028
26123,7677,11399
26125,281201,274319
26127,4597,5913
26129,4896,4706
26131,1514,2472
26133,4006,5680
26135,1677,2207
26137,4034,6108
26139,29600,78703
26141,3242,3660
26143,6433,6190
26145,50825,41152
26147,33002,33571
26149,8574,12906
26151,7153,10966
26153,2036,2088
26155,15520,15816
26157,10845,13213
26159,13796,14792
26161,86647,52459
26163,530414,223021
26165,5326,7215
27001,3830,3755
27003,68008,69256
27005,5253,8152
27007,7301,8346
27009,6009,7663
27011,1430,1370
27013,12329,12942
27015,4650,7370
27017,8620,5578
27019,12462,20790
27021,5534,7134
27023,2952,2977
27025,9593,10937
27027,10128,11712
27029,1466,2137
27031,1171,1295
27033,2503,3369
27035,11255,15035
27037,85446,87250
27039,3370,4213
27041,6352,9811
27043,3624,4336
27045,5020,4646
27047,8514,6843
27049,9981,10852
27051,1507,1804
27053,307599,225657
27055,4502,5077
27057,3632,5307
27059,6247,7668
27061,10583,9545
27063,2364,2773
27065,2831,3480
27067,8220,10026
27069,1107,1353
27071,2903,3523
27073,2244,1941
27075,3579,2465
27077,848,1216
27079,5361,6138
27081,1590,1513
27083,4737,6087
27085,5609,8782
27087,921,1122
27089,1910,2912
27091,4166,5686
27093,4402,5520
27095,4376,5223
27097,5274,8197
27099,10693,6873
27101,2093,2407
27103,7041,7221
27105,3760,4766
27107,1575,1808
27109,25822,30641
27111,9844,16963
27113,2458,3380
27115,6148,5854
27117,1970,2693
27119,5764,7609
27121,2771,2808
27123,138470,87669
27125,830,1090
27127,2681,4589
27129,3533,4036
27131,13140,10876
27133,2081,2772
27135,2128,4695
27137,64237,35420
27139,17503,23954
27141,12109,16813
27143,2687,4087
27145,24800,32402
27147,6900,8223
27149,2434,2831
27151,2698,2376
27153,4132,6031
27155,884,1074
27157,4522,5245
27159,2251,3733
27161,3694,4608
27163,49637,51502
27165,2258,2562
27167,1046,2032
27169,11069,10773
27171,16762,23861
27173,2528,2598
28001,8065,6691
28003,5059,7254
28005,2673,3677
28007,2922,4206
28009,1886,1561
28011,8436,4847
28013,2251,3448
28015,1726,3165
28017,3519,3549
28019,1278,2398
28021,3670,883
28023,2368,4503
28025,4515,3570
28027,5662,3695
28029,4845,5643
28031,2623,4180
28033,9586,24879
28035,8500,13281
28037,1486,2427
28039,1977,5143
28041,1317,3082
28043,4163,5129
28045,4801,9326
28047,19142,32256
28049,46789,37753
28051,5447,1937
28053,2288,1628
28055,555,366
28057,2994,5424
28059,14193,30068
28061,3104,3294
28063,2786,600
28065,2835,2437
28067,7713,16341
28069,2311,1915
28071,5139,7081
28073,3478,12795
28075,8412,17315
28077,2841,3674
28079,2793,4114
28081,9142,15551
28083,6401,4626
28085,4358,8540
28087,7537,11404
28089,10416,19109
28091,4114,6796
28093,7735,4723
28095,5783,7397
28097,2187,2630
28099,2563,6409
28101,2147,5540
28103,3383,1530
28105,6443,7959
28107,5880,5424
28109,4611,11575
28111,1285,3026
28113,6544,7464
28115,2771,6601
28117,3287,5101
28119,2103,1280
28121,8050,32983
28123,3548,5601
28125,1706,1074
28127,3227,6254
28129,1620,4838
28131,1677,3702
28133,4981,3369
28135,3041,2428
28137,3441,5148
28139,2908,5381
28141,2747,4122
28143,1539,792
28145,3094,6087
28147,2356,3476
28149,7485,10892
28151,10405,7367
28153,2981,4635
28155,1426,3069
28157,2551,1423
28159,3672,4645
28161,2674,2470
28163,4997,5254
29001,4101,6050
29003,2795,4257
29005,1013,1798
29007,4551,5256
29009,4135,7885
29011,1424,3836
29013,3386,4245
29015,3150,4218
29017,1692,3487
29019,28811,28426
29021,17085,16423
29023,4996,9111
29025,1488,2220
29027,6708,8238
29029,6323,10358
29031,9334,19832
29033,1620,2880
29035,997,1730
29037,14921,20113
29039,1979,3530
29041,1792,2300
29043,7896,14824
29045,1812,1899
29047,39084,39083
29049,3994,4323
29051,12056,20167
29053,2567,4072
29055,3350,4754
29057,1193,2468
29059,2311,3723
29061,1367,2011
29063,1562,2363
29065,1839,3996
29067,1546,3599
29069,4947,5426
29071,16172,21863
29073,2257,4190
29075,1271,1771
29077,41091,59178
29079,1563,2976
29081,1328,2552
29083,4459,5120
29085,1961,2172
29087,871,1738
29089,1944,2414
29091,4641,9018
29093,2044,2237
29095,160419,104418
29097,11737,24899
29099,38616,36766
29101,6926,9339
29103,787,1226
29105,4183,8556
29107,6343,7849
29109,4235,8305
29111,2023,2388
29113,6961,8549
29115,2646,3246
29117,2425,3709
29119,1866,4460
29121,2817,4232
29123,1828,2460
29125,1554,2216
29127,4993,6550
29129,555,1250
29131,3217,5945
29133,2756,2395
29135,2176,3764
29137,1860,2175
29139,2092,3106
29141,3235,4460
29143,3738,3416
29145,6447,14232
29147,3553,5161
29149,1568,2521
29151,1938,4154
29153,1432,2663
29155,3245,2750
29157,2085,4667
29159,5855,9533
29161,6262,9444
29163,3557,3648
29165,15325,17785
29167,3606,6430
29169,3800,6531
29171,708,1593
29173,2033,2446
29175,4116,4844
29177,4970,4517
29179,1298,1762
29181,1820,3121
29183,53806,72114
29185,1866,2731
29186,3600,3505
29187,9075,9327
29189,250631,224689
29195,4585,4572
29197,808,1159
29199,790,1335
29201,6452,8999
29203,1430,2245
29205,1262,1936
29207,4476,7727
29209,4055,7793
29211,1127,1877
29213,5092,9647
29215,3486,6136
29217,3156,4985
29219,4524,5979
29221,4047,4020
29223,2387,3346
29225,4174,7350
29227,469,651
29229,2250,5391
29510,96557,24799
30001,799,3113
30003,2345,1651
30005,1246,1410
30007,462,1488
30009,1434,3008
30011,53,573
30013,13137,18164
30015,686,2039
30017,1501,3156
30019,303,750
30021,1364,2723
30023,2672,1493
30025,256,1061
30027,1352,4353
30029,8329,22519
30031,10009,18833
30033,61,651
30035,2211,1709
30037,88,405
30039,295,1181
30041,2760,3392
30043,1513,3308
30045,278,1057
30047,3884,6441
30049,9982,15091
30051,243,752
30053,1629,5578
30055,267,827
30057,758,2656
30059,176,698
30061,382,1078
30063,17241,21474
30065,512,1582
30067,2154,4523
30069,36,254
30071,423,1727
30073,792,1948
30075,115,860
30077,638,1971
30079,164,541
30081,4451,11241
30083,1018,2858
30085,2059,1605
30087,1394,1826
30089,1165,3144
30091,702,1176
30093,8967,6299
30095,925,2765
30097,305,1450
30099,847,2294
30101,630,1639
30103,106,344
30105,1273,2500
30107,243,708
30109,121,369
30111,20370,33922
31001,3686,8162
31003,678,2562
31005,26,235
31007,65,390
31009,43,299
31011,575,2196
31013,1614,3208
31015,265,931
31017,250,1375
31019,3927,11931
31021,1223,2056
31023,1028,2638
31025,3656,6144
31027,1062,2989
31029,306,1505
31031,446,2322
31033,844,3207
31035,774,2326
31037,863,2338
31039,857,3232
31041,976,4245
31043,2695,3119
31045,823,2549
31047,1740,5511
31049,213,783
31051,820,1834
31053,5021,8871
31055,73347,101025
31057,179,801
31059,848,2024
31061,420,1196
31063,244,1102
31065,534,1849
31067,3516,5538
31069,203,963
31071,202,718
31073,228,757
31075,49,324
31077,416,839
31079,5952,11803
31081,1066,3251
31083,438,1358
31085,66,486
31087,312,1126
31089,846,3954
31091,74,317
31093,955,1760
31095,1361,2351
31097,794,1210
31099,680,2333
31101,778,2953
31103,78,422
31105,379,1379
31107,1037,2784
31109,44650,55514
31111,5205,9220
31113,60,336
31115,84,284
31117,48,244
31119,2772,9636
31121,848,2380
31123,460,1597
31125,497,1105
31127,1063,2177
31129,644,1701
31131,2208,4178
31133,522,937
31135,243,1170
31137,934,3575
31139,570,2534
31141,2612,9861
31143,610,1925
31145,1188,3680
31147,1382,2623
31149,141,725
31151,2321,2581
31153,14637,28979
31155,2852,5688
31157,3937,9397
31159,2250,4457
31161,392,2105
31163,564,1072
31165,98,629
31167,500,1895
31169,821,2096
31171,55,329
31173,924,1040
31175,583,1610
31177,2550,5758
31179,1001,2774
31181,584,1302
31183,85,351
31185,1407,4816
32001,2191,6237
32003,196100,170932
32005,5837,11193
32007,2542,11025
32009,116,333
32011,150,632
32013,1128,3638
32015,395,1619
32017,461,1372
32019,3955,7270
32021,916,1227
32023,4525,6904
32027,476,1221
32029,666,1014
32031,52097,63640
32033,1069,2234
32510,7354,11084
33001,10719,14799
33003,9852,12597
33005,17382,13793
33007,6570,7329
33009,18326,18092
33011,77625,80649
33013,30622,30028
33015,61628,65860
33017,25400,21108
33019,8224,9304
34001,52880,35593
34003,202682,152731
34005,99506,72254
34007,127166,62464
34009,22189,23794
34011,28188,18882
34013,185505,66842
34015,61095,42315
34017,118206,43804
34019,21387,32210
34021,83256,46670
34023,154998,93545
34025,131476,119291
34027,88039,111066
34029,102104,105684
34031,90324,61043
34033,13718,12257
34035,56232,59725
34037,21353,33277
34039,112003,68554
34041,16543,22172
35001,99461,95249
35003,353,1273
35005,6340,11378
35006,4127,2752
35007,2653,2600
35009,3471,8301
35011,349,612
35013,23912,21263
35015,7108,10335
35017,5673,4961
35019,1076,548
35021,214,366
35023,839,954
35025,3855,10157
35027,2027,4458
35028,4149,5623
35029,2975,3395
35031,10281,5070
35033,1456,668
35035,5465,10258
35037,1471,2292
35039,8169,3495
35041,1762,3762
35043,14899,15423
35045,11980,21434
35047,6540,2215
35049,32017,13974
35051,1689,2721
35053,3294,3173
35055,7039,2744
35057,1868,2891
35059,452,1269
35061,9819,10803
36000,,
36001,85617,47624
36003,6336,11436
36005,265801,36245
36007,45381,36946
36009,13697,18382
36011,17031,14988
36013,27016,29064
36015,17424,18779
36017,9112,10033
36019,15542,13274
36021,13489,13153
36023,9691,9857
36025,8450,10662
36027,52390,52669
36029,240176,160176
36031,7927,8822
36033,8870,7643
36035,9314,11434
36037,10191,14459
36039,8480,11332
36041,1114,2388
36043,12224,14147
36045,16799,18192
36047,497468,96605
36049,4333,6103
36051,10476,15244
36053,12017,14879
36055,161743,141266
36057,10249,9765
36059,341610,226954
36061,449300,79921
36063,47781,40952
36065,43933,47603
36067,109896,83678
36069,19761,23885
36071,58170,62852
36073,5991,9202
36075,22857,23249
36077,11460,12219
36079,18525,21853
36081,416967,122052
36083,34808,29562
36085,73828,63903
36087,69530,48441
36089,21386,16449
36091,43359,46623
36093,35534,27961
36095,5390,7459
36097,3301,4381
36099,6841,6734
36101,14600,24200
36103,306306,240992
36105,14348,12703
36107,9170,12239
36109,21807,13351
36111,38162,33447
36113,12193,14993
36115,9641,12596
36117,14977,21701
36119,218010,139278
36121,5935,10809
36123,3962,5565
37001,17459,29305
37003,4166,9242
37005,1715,2531
37007,4792,3161
37009,4011,6226
37011,1686,4956
37013,6634,10531
37015,4660,2488
37017,5889,4977
37019,13118,15427
37021,38545,46101
37023,11924,18466
37025,16284,32704
37027,8588,17337
37029,1187,1628
37031,8839,17381
37033,4091,4270
37035,16246,34244
37037,10461,10248
37039,3239,6305
37041,2430,2415
37043,1361,2416
37045,13455,19064
37047,9986,8342
37049,12213,19494
37051,38626,38129
37053,2595,4095
37055,5589,7301
37057,16199,35387
37059,3651,10184
37061,6475,7840
37063,53907,30150
37065,11315,6836
37067,52457,67700
37069,7454,8501
37071,19281,39453
37073,1944,1480
37075,1006,2304
37077,7733,7364
37079,2478,3353
37081,80787,84394
37083,10222,6698
37085,9155,14762
37087,9793,12118
37089,12562,25688
37091,5484,2382
37093,5017,3439
37095,1088,1132
37097,15434,29853
37099,5722,6237
37101,13704,27212
37103,1822,2114
37105,6785,9406
37107,9527,11512
37109,8412,15951
37111,4747,9109
37113,4683,8406
37115,3505,4676
37117,4929,4420
37119,126911,134068
37121,1535,4984
37123,3979,4946
37125,11232,19882
37127,12376,17995
37129,29292,36503
37131,5513,2667
37133,10269,19657
37135,30921,17930
37137,2188,2999
37139,5874,4943
37141,6415,7661
37143,2033,2230
37145,5042,6722
37147,19685,23192
37149,3114,5074
37151,11366,30959
37153,7935,6263
37155,17834,11721
37157,13260,18979
37159,14891,28922
37161,7697,13755
37163,8768,10410
37165,5627,3740
37167,7066,15548
37169,5030,12028
37171,7757,15401
37173,2097,2224
37175,5044,9011
37177,849,706
37179,14890,31876
37181,7092,5564
37183,123466,142494
37185,4576,2202
37187,2704,2169
37189,7959,10438
37191,13005,20758
37193,7226,16826
37195,11266,13466
37197,3127,10435
37199,3714,4970
38001,286,826
38003,1933,3452
38005,952,1055
38007,82,394
38009,1173,2349
38011,330,1080
38013,296,698
38015,9842,22467
38017,21451,33536
38019,618,1513
38021,806,1853
38023,306,443
38025,474,1124
38027,458,703
38029,405,1430
38031,474,1172
38033,156,611
38035,10593,15875
38037,235,1077
38039,484,920
38041,353,1057
38043,283,837
38045,689,1590
38047,223,812
38049,888,1682
38051,350,1178
38053,653,1634
38055,1465,2891
38057,1011,2984
38059,3439,6993
38061,1256,1466
38063,687,1031
38065,244,709
38067,1093,2430
38069,500,1348
38071,1658,3005
38073,1080,1488
38075,443,820
38077,2490,4999
38079,2681,1416
38081,959,1103
38083,161,707
38085,724,269
38087,85,316
38089,2784,6387
38091,475,655
38093,3067,5488
38095,410,694
38097,1512,2392
38099,1743,3099
38101,7533,13997
38103,661,1610
38105,2330,5187
39001,3581,6380
39003,13996,28647
39005,6685,13533
39007,19831,17940
39009,13158,9703
39011,5564,13770
39013,15980,12625
39015,5972,10027
39017,46390,86587
39019,4960,6732
39021,5955,9220
39023,27984,27660
39025,20927,47129
39027,4791,9824
39029,20657,21804
39031,5594,8243
39033,6721,11666
39035,359913,192099
39037,7741,14817
39039,6175,9540
39041,17134,36639
39043,17732,16105
39045,19065,33523
39047,3363,5685
39049,202018,197862
39051,6805,11546
39053,4872,7511
39055,15327,25417
39057,25059,37946
39059,6643,8181
39061,161578,204175
39063,8798,20985
39065,4557,7124
39067,3351,3417
39069,4367,8530
39071,5328,9728
39073,4474,5702
39075,2066,6754
39077,8183,12286
39079,5131,6958
39081,17488,15038
39083,7133,13393
39085,46497,51747
39087,11307,12531
39089,23196,37180
39091,5945,11849
39093,59809,47957
39095,108344,73342
39097,5287,8892
39099,69212,40460
39101,10370,13617
39103,26635,37349
39105,3674,5750
39107,5212,12485
39109,15584,26037
39111,3605,3145
39113,114597,109792
39115,2261,3451
39117,4529,7842
39119,13415,17995
39121,2296,3435
39123,9485,9917
39125,3384,5210
39127,5895,6440
39129,6598,10717
39131,4923,5333
39133,31446,28271
39135,6375,11176
39137,4063,12837
39139,20572,30138
39141,11662,13706
39143,11146,13699
39145,13997,15022
39147,9512,13863
39149,6593,12476
39151,75308,78153
39153,119759,96721
39155,57643,34654
39157,15879,19549
39159,5040,11502
39161,4209,8679
39163,2037,2720
39165,19142,48318
39167,10383,15342
39169,14779,25901
39171,5454,9941
39173,22687,27504
39175,3397,6113
40001,2361,3503
40003,583,1886
40005,1906,2375
40007,339,2092
40009,2408,4067
40011,1402,2633
40013,5554,6084
40015,4272,4835
40017,8367,22679
40019,6659,9667
40021,7256,6918
40023,2799,2461
40025,227,1230
40027,27792,47393
40029,1148,1196
40031,11971,17103
40033,1068,1388
40035,2568,2815
40037,9753,13580
40039,3115,6527
40041,5514,7618
40043,599,1607
40045,468,1513
40047,6543,14902
40049,4189,5536
40051,6037,10040
40053,709,1762
40055,839,1287
40057,507,692
40059,374,1296
40061,2510,2039
40063,2334,2196
40065,2515,5591
40067,1245,1320
40069,1809,2072
40071,6122,11768
40073,1304,4693
40075,1544,2173
40077,1865,1739
40079,6536,8215
40081,4140,7387
40083,4510,8187
40085,1530,1807
40087,3679,6750
40089,3752,6601
40091,4206,3444
40093,635,2672
40095,2210,2641
40097,6618,7132
40099,2263,2609
40101,12520,11820
40103,1416,3230
40105,1703,2069
40107,1814,1910
40109,81590,139078
40111,7186,5797
40113,7540,8138
40115,5647,5625
40117,2435,3386
40119,9319,15256
40121,7627,8514
40123,5387,7299
40125,8763,13235
40127,1969,2331
40129,441,1234
40131,10813,17713
40133,3783,4011
40135,5425,6614
40137,6467,10860
40139,1084,4964
40141,1400,1920
40143,81656,134152
40145,8244,12981
40147,6644,13788
40149,1564,2850
40151,1235,2774
40153,1950,5067
41001,2195,5618
41003,19444,15825
41005,76421,77539
41007,8296,6950
41009,10331,9369
41011,11610,15626
41013,2474,5363
41015,4090,6551
41017,22061,32132
41019,14193,30294
41021,359,679
41023,589,3078
41025,766,2799
41027,4072,3721
41029,33153,46052
41031,2681,3838
41033,11864,22186
41035,7541,18855
41037,707,2830
41039,78583,61578
41041,10861,8446
41043,16682,25359
41045,2336,7624
41047,49430,57443
41049,1197,2224
41051,188441,83677
41053,11921,14988
41055,326,679
41057,5762,5775
41059,7809,14140
41061,3577,7836
41063,836,3279
41065,4616,5356
41067,90662,86091
41069,202,584
41071,14254,19193
42001,11682,20848
42003,329963,235361
42005,11127,15508
42007,38925,32491
42009,5474,13598
42011,59150,71273
42013,15774,28376
42015,7911,14660
42017,132914,121927
42019,25037,44009
42021,30308,28001
42023,779,1383
42025,10668,9717
42027,21409,26172
42029,82047,100080
42031,5605,9796
42033,11718,18019
42035,5521,6064
42037,8975,12095
42039,13250,18858
42041,31053,54802
42043,44390,53631
42045,134861,105836
42047,5754,7347
42049,59399,49027
42051,28152,20013
42053,843,1371
42055,14922,33042
42057,1425,3753
42059,7230,5890
42061,5073,10408
42063,13667,16799
42065,5566,11473
42067,2656,5795
42069,57471,35096
42071,54968,115900
42073,20593,18060
42075,16093,28534
42077,56667,55492
42079,62199,52328
42081,14663,27137
42083,5510,9661
42085,23817,23132
42087,4835,9400
42089,21939,23265
42091,177990,145623
42093,2356,3960
42095,53097,47396
42097,13670,18142
42099,4459,11184
42101,449182,100959
42103,7330,9339
42105,2037,4858
42107,26215,29841
42109,3536,8963
42111,12028,20218
42113,1066,1928
42115,6481,10226
42117,4617,9635
42119,4209,8523
42121,8196,11642
42123,7537,9290
42125,44961,37339
42127,6904,11201
42129,71792,80858
42131,4363,6922
42133,51958,87652
44001,13424,8375
44003,43265,25291
44005,20790,14258
44007,142469,61378
44009,29560,21253
45001,3766,4450
45003,16409,33203
45005,2338,967
45007,19606,35827
45009,3451,2047
45011,3661,4521
45013,17487,25561
45015,17707,24796
45017,3063,3216
45019,49520,58229
45021,6138,9900
45023,5242,4986
45025,6111,6266
45027,5999,5186
45029,6449,6767
45031,10253,11290
45033,4930,3975
45035,12168,20734
45037,3950,4760
45039,5263,3011
45041,17157,23678
45043,9445,10535
45045,43810,92714
45047,8139,12193
45049,4896,2798
45051,29113,40300
45053,3646,2414
45055,7428,11911
45057,8782,11676
45059,7920,12102
45061,3899,2675
45063,22830,58095
45065,1896,1704
45067,7358,4687
45069,5060,2699
45071,4428,7492
45073,7571,15364
45075,19802,12657
45077,8927,24681
45079,63179,50164
45081,2682,4098
45083,29559,52114
45085,14365,15915
45087,4662,5768
45089,6723,4524
45091,19251,33776
46003,513,847
46005,3216,4347
46007,377,712
46009,1162,1901
46011,4546,6212
46013,7173,9060
46015,818,1268
46017,256,140
46019,840,2760
46021,147,739
46023,1300,2205
46025,791,1272
46027,2638,2363
46029,4192,6718
46031,549,629
46033,955,2495
46035,2936,4445
46037,1492,1623
46039,926,1245
46041,880,761
46043,363,1311
46045,676,1257
46047,1133,2185
46049,388,904
46051,1475,2235
46053,718,1487
46055,164,938
46057,923,1731
46059,565,1419
46061,457,944
46063,64,650
46065,2212,5188
46067,1052,2497
46069,218,592
46071,319,687
46073,468,624
46075,137,509
46077,1049,1612
46079,2331,2724
46081,2797,6327
46083,3844,6546
46085,482,875
46087,965,1610
46089,295,1073
46091,939,1097
46093,2267,6870
46095,222,495
46097,523,724
46099,27042,33428
46101,1318,1361
46103,11123,24696
46105,297,1237
46107,356,1112
46109,1700,2237
46111,468,767
46113,1667,252
46115,1274,1957
46117,402,955
46119,209,633
46121,993,478
46123,799,1909
46125,1414,2514
46127,2358,3265
46129,721,1758
46135,3596,4904
46137,314,384
47001,13556,14688
47003,6136,5911
47005,3700,2484
47007,1756,2380
47009,14688,25273
47011,8768,20167
47013,6492,5784
47015,2697,1924
47017,5239,5465
47019,6724,12111
47021,6062,6356
47023,2192,3487
47025,3841,5023
47027,1931,1468
47029,3872,6185
47031,8741,8788
47033,2705,2676
47035,7644,10994
47037,120508,84117
47039,2278,2046
47041,3765,2411
47043,8332,7016
47045,5425,6282
47047,5037,6402
47049,2529,3417
47051,7828,6560
47053,8663,8286
47055,5527,4377
47057,2361,3746
47059,7909,12540
47061,2970,1553
47063,7564,11824
47065,51708,66605
47067,690,1343
47069,4953,3729
47071,3735,4951
47073,6753,10071
47075,3887,2554
47077,3166,5153
47079,6093,5944
47081,4239,2914
47083,2081,993
47085,4205,2387
47087,3304,1384
47089,5226,8657
47091,1813,3740
47093,60969,86851
47095,1419,781
47097,4224,3329
47099,6643,7613
47101,2281,2037
47103,5060,5435
47105,5905,10266
47107,6142,10155
47109,4003,4897
47111,3059,3366
47113,15781,17862
47115,5441,4651
47117,5107,4105
47119,11127,11930
47121,1555,1797
47123,5327,7514
47125,18818,19644
47127,1107,1145
47129,2921,3144
47131,6056,6168
47133,4507,2875
47135,1650,1165
47137,939,1281
47139,2574,2907
47141,10785,11248
47143,3722,5900
47145,9575,11345
47147,10249,9675
47149,27360,33445
47151,2967,3579
47153,1648,2169
47155,8208,16734
47157,190404,141756
47159,4884,2384
47161,2870,1826
47163,21354,33482
47165,22118,27601
47167,6300,10070
47169,1966,950
47171,2566,3780
47173,2564,3199
47175,1255,845
47177,7378,5552
47179,14769,22579
47181,1859,3370
47183,5570,6106
47185,4135,3525
47187,18745,38901
47189,16561,18844
48001,5041,9835
48003,876,3091
48005,9957,16648
48007,2637,5390
48009,993,2951
48011,150,772
48013,4322,6231
48015,2407,6661
48017,488,1589
48019,1426,5613
48021,6973,10310
48023,663,1285
48025,3795,4429
48027,21011,41208
48029,185158,215613
48031,811,2777
48033,62,283
48035,1930,4745
48037,11662,18325
48039,24883,53445
48041,12359,32864
48043,1349,1867
48045,224,544
48047,1854,556
48049,3138,9609
48051,2235,3542
48053,3557,9286
48055,3872,5216
48057,2766,3724
48059,1174,3656
48061,33214,27800
48063,1625,2121
48065,480,2216
48067,4618,6295
48069,727,1607
48071,2888,6769
48073,4755,9599
48075,602,1506
48077,1460,3112
48079,344,807
48081,355,1137
48083,853,2687
48085,42884,128179
48087,429,974
48089,2229,4913
48091,7131,24599
48093,1636,3334
48095,268,818
48097,3153,10128
48099,4493,10321
48101,241,502
48103,387,1246
48105,467,924
48107,705,1270
48109,577,413
48111,341,1385
48113,275308,322345
48115,1463,3337
48117,1240,3687
48119,726,1143
48121,40144,102171
48123,1570,4541
48125,284,589
48127,2678,1032
48129,360,1333
48131,3990,1010
48133,1774,4531
48135,9425,22893
48137,261,663
48139,10629,26091
48141,83848,57574
48143,2804,8126
48145,2417,3239
48147,4102,6074
48149,2542,6658
48151,884,968
48153,580,1830
48155,263,286
48157,47569,73567
48159,1018,2420
48161,2316,4247
48163,2317,1774
48165,723,2691
48167,40020,50397
48169,454,1302
48171,1511,8096
48173,39,528
48175,1233,2108
48177,1877,4092
48179,1376,6732
48181,13647,25596
48183,11244,26739
48185,2450,4197
48187,8311,21499
48189,2158,6868
48191,472,966
48193,878,2447
48195,198,1874
48197,566,976
48199,5595,11962
48201,418267,529159
48203,8878,13834
48205,359,1645
48207,1401,1488
48209,11387,20170
48211,251,1203
48213,8704,16607
48215,61390,38301
48217,3524,7054
48219,1419,5250
48221,4704,12429
48223,3692,7076
48225,2833,5308
48227,2744,6668
48229,380,514
48231,7857,16177
48233,1796,7443
48235,162,624
48237,822,2107
48239,1446,3365
48241,4533,7071
48243,283,708
48245,45409,40320
48247,1512,623
48249,7418,4498
48251,11778,26202
48253,1899,4080
48255,1617,2638
48257,7455,15290
48259,1901,8788
48261,119,106
48263,185,346
48265,4002,14637
48267,328,1313
48269,14,120
48271,486,932
48273,4481,4526
48275,617,947
48277,5553,9775
48279,1114,3451
48281,1569,4526
48283,1266,731
48285,2171,5288
48287,1733,3699
48289,1893,4362
48291,7311,12458
48293,2768,4212
48295,206,1072
48297,1114,2828
48299,2143,6295
48301,29,124
48303,18469,56054
48305,562,1507
48307,794,2084
48309,23462,43955
48311,77,358
48313,1241,2333
48315,1852,2039
48317,415,1520
48319,417,1352
48321,4696,7584
48323,5995,3143
48325,4025,8590
48327,334,642
48329,7534,31514
48331,3429,4706
48333,548,1738
48335,837,1708
48337,2256,4951
48339,23286,80600
48341,1040,4201
48343,2455,2381
48345,118,514
48347,6204,13145
48349,5366,8358
48351,2503,2423
48353,1874,3337
48355,45349,49906
48357,251,2687
48359,108,659
48361,11887,17325
48363,3263,5690
48365,3011,5975
48367,8878,23651
48369,447,2274
48371,1539,2700
48373,6877,11746
48375,7242,17629
48377,1064,618
48379,1225,2049
48381,7209,33921
48383,282,959
48385,316,1146
48387,2219,2941
48389,1872,1273
48391,1172,1721
48393,72,472
48395,3283,3007
48397,3642,13666
48399,969,3020
48401,4841,11611
48403,1753,2764
48405,1636,2116
48407,2946,4623
48409,7840,10599
48411,618,1691
48413,338,826
48415,1193,4060
48417,264,1066
48419,3227,5692
48421,144,998
48423,16470,43320
48425,752,2120
48427,6505,1911
48429,811,2425
48431,132,520
48433,294,496
48435,468,1063
48437,856,1612
48439,173758,286921
48441,10504,31701
48443,219,243
48445,1108,2910
48447,228,608
48449,3008,4995
48451,9288,24733
48453,125526,141235
48455,2142,3093
48457,2775,4236
48459,4180,8448
48461,266,982
48463,3436,4855
48465,5056,6223
48467,5245,12383
48469,8176,18787
48471,4943,9076
48473,5046,5686
48475,1256,2534
48477,2996,8645
48479,18120,13076
48481,4838,8455
48483,579,1787
48485,14108,27802
48487,1356,3138
48489,3218,1789
48491,26591,65041
48493,3997,7509
48495,556,1468
48497,4830,11234
48499,3893,9810
48501,531,1911
48503,1843,5022
48505,1638,953
48507,2616,751
49001,541,1653
49003,2555,12288
49005,5170,25920
49007,3298,3758
49009,104,317
49011,18845,64375
49013,779,3622
49015,958,3243
49017,178,1719
49019,1158,1822
49021,1789,10106
49023,619,2023
49025,387,2254
49027,696,3850
49029,553,2464
49031,133,626
49033,152,736
49035,107576,171585
49037,1838,2721
49039,1211,5781
49041,1046,5763
49043,4601,6168
49045,4001,7807
49047,1387,6733
49049,16445,98255
49051,1476,3819
49053,5465,25481
49055,202,953
49057,19890,39254
50001,8936,6953
50003,9021,7284
50005,5859,6746
50007,39156,26105
50009,1129,1564
50011,9514,8395
50013,1835,1550
50015,5676,4456
50017,6694,6858
50019,5472,5799
50021,13990,13546
50023,15281,11448
50025,11319,7358
50027,15140,11713
51001,5092,6352
51003,16255,18291
51005,2214,2808
51007,1754,2947
51009,4812,6660
51011,2132,3654
51013,50260,28555
51015,6643,17744
51017,822,1311
51019,8160,17224
51021,851,1759
51023,4627,8867
51025,3387,2561
51027,5745,3867
51029,2561,2738
51031,6659,13162
51033,4314,3873
51035,3638,7142
51036,1981,1023
51037,2017,2855
51041,38638,69924
51043,2166,2883
51045,851,1580
51047,4364,7440
51049,1405,1974
51051,3951,3122
51053,4001,4959
51057,1750,1995
51059,196501,202181
51061,8296,14456
51063,1957,3423
51065,3431,4962
51067,7145,11225
51069,7158,14574
51071,3004,3574
51073,4553,8718
51075,3197,5378
51077,2467,4236
51079,1774,3375
51081,2314,1565
51083,5963,7732
51085,12044,28614
51087,48645,62887
51089,8898,11870
51091,453,942
51093,5162,7587
51095,9090,14628
51097,1387,1423
51099,2070,3590
51101,2125,3547
51103,1937,3411
51105,4031,4551
51107,30938,42453
51109,4309,5461
51111,2026,2510
51113,1844,2940
51115,1499,2951
51117,4797,6600
51119,1671,2844
51121,11720,13991
51125,2907,2913
51127,2055,3934
51131,2340,2299
51133,2118,3362
51135,2460,2870
51137,4126,5991
51139,2726,5089
51141,2254,4901
51143,7834,15760
51145,2708,6820
51147,2922,3214
51149,4182,6579
51153,44745,52788
51155,5255,7089
51157,1462,1850
51159,1076,1784
51161,16141,25740
51163,2953,4522
51165,5834,17482
51167,5442,5065
51169,3552,5535
51171,4420,9636
51173,4836,6580
51175,3359,3293
51177,13455,20739
51179,12596,20731
51181,1845,1313
51183,2006,1745
51185,7227,8655
51187,4313,6335
51191,7549,12064
51193,2922,2932
51195,6412,6504
51197,3462,6539
51199,8622,15312
51510,33633,19043
51515,1078,1269
51520,2646,3495
51530,941,980
51540,7762,4034
51550,33578,39684
51570,2100,5519
51580,1168,966
51590,8221,9427
51595,1116,938
51600,4361,4762
51610,3109,2131
51620,1763,1393
51630,3360,2935
51640,996,1160
51650,27490,19561
51660,3482,5741
51670,3024,3749
51678,1048,957
51680,10374,12518
51683,5262,6752
51685,1048,1460
51690,3048,2560
51700,29779,27006
51710,38221,21920
51720,867,639
51730,8751,2109
51735,1448,4271
51740,22286,12628
51750,2063,2190
51760,42717,20265
51770,17920,14630
51775,4348,6188
51790,3324,4878
51800,12471,11836
51810,62268,83674
51820,2737,4084
51830,1724,1777
51840,3318,4314
53001,1406,3440
53003,2736,4909
53005,19512,38367
53007,8412,16980
53009,13779,16251
53011,61767,67219
53013,515,1523
53015,18233,16873
53017,3822,8512
53019,932,1896
53021,4653,8594
53023,300,982
53025,7073,15830
53027,13304,11225
53029,14778,16408
53031,8281,6095
53033,476700,273171
53035,50302,46427
53037,5516,7727
53039,3062,4557
53041,9891,18565
53043,1417,3546
53045,10876,10257
53047,4335,9384
53049,4895,4042
53051,1973,3076
53053,138249,118431
53055,4426,3005
53057,20432,22163
53059,1753,2151
53061,129612,109615
53063,74604,89299
53065,5560,11299
53067,50467,39924
53069,803,1033
53071,7188,13304
53073,34033,34287
53075,6509,9003
53077,25546,39494
54001,2503,3411
54003,8797,13619
54005,5656,3353
54007,2719,2529
54009,4678,4195
54011,14896,16440
54013,1112,1425
54015,1617,1887
54017,773,1955
54019,8371,5897
54021,1092,1560
54023,891,3571
54025,5627,6866
54027,2069,3879
54029,6249,6458
54031,1621,2816
54033,13009,12948
54035,4937,6341
54037,6860,7045
54039,38524,36809
54041,2355,3606
54043,3939,3389
54045,8927,5334
54047,4845,2348
54049,12315,9972
54051,6000,6859
54053,4963,5972
54055,8347,10206
54057,3341,6180
54059,6049,3866
54061,12603,13595
54063,2094,2940
54065,1939,3639
54067,4059,4359
54069,7653,9607
54071,1172,1996
54073,1267,1884
54075,1392,1970
54077,3515,6607
54079,7891,12173
54081,11047,12587
54083,4028,5248
54085,1024,2717
54087,2332,3172
54089,2299,2304
54091,2473,3124
54093,1319,1935
54095,1214,2582
54097,2770,5165
54099,7940,7993
54101,1764,1484
54103,2849,3239
54105,818,1518
54107,12664,20428
54109,4289,3473
55001,4826,3920
55003,4356,3038
55005,8928,9848
55007,4427,3266
55009,49096,54258
55011,3237,3038
55013,3626,3967
55015,8202,10837
55017,12102,12835
55019,5931,7461
55021,12636,11987
55023,4005,3024
55025,142317,75790
55027,14580,21684
55029,6560,7810
55031,13593,6930
55033,9172,8911
55035,24078,20921
55037,816,1528
55039,18181,26548
55041,2158,2404
55043,10691,10240
55045,7863,6790
55047,3301,5451
55049,5842,4221
55051,1620,1734
55053,4380,3670
55055,15203,19204
55057,4813,4910
55059,32429,28891
55061,4670,4883
55063,28455,24327
55065,3710,3336
55067,4199,5125
55069,6664,6727
55071,17667,19358
55073,26546,28883
55075,8676,10535
55077,3437,3522
55078,949,225
55079,252329,163491
55081,7460,8217
55083,7260,8706
55085,8339,9512
55087,32735,39460
55089,15030,31155
55091,1854,1631
55093,8559,8169
55095,8961,9557
55097,17942,13214
55099,3413,4136
55101,41563,44014
55103,3837,3994
55105,40472,27467
55107,3161,3758
55109,13077,15240
55111,13035,11586
55113,3333,3972
55115,7335,9548
55117,23569,29648
55119,3254,5278
55121,6678,5002
55123,6577,5684
55125,4706,6958
55127,15492,22982
55129,3695,3912
55131,18115,41162
55133,64319,133105
55135,8787,12980
55137,4239,5571
55139,33983,38330
55141,15936,17803
56001,5069,7814
56003,1004,3720
56005,1967,10203
56007,2206,4498
56009,1076,3919
56011,361,2289
56013,4172,10560
56015,1439,3922
56017,544,1733
56019,555,2886
56021,12162,21797
56023,1184,5415
56025,8646,18439
56027,190,888
56029,2424,9884
56031,1249,2925
56033,3330,8424
56035,458,2624
56037,5521,9425
56039,4019,5454
56041,1650,5469
56043,806,3138
56045,449,2521
2001,1284,4681
2002,2081,4235
2003,3693,3135
2004,2715,4127
2005,1931,3545
2006,1542,3862
2007,1893,4868
2008,1498,5371
2009,1203,4789
2010,2194,5673
2011,2043,3960
2012,2051,4626
2013,2661,3853
2014,1626,3750
2015,2106,2453
2016,1969,1980
2017,2230,4564
2018,2739,5421
2019,2350,4619
2020,2259,3648
2021,2309,3263
2022,2656,4910
2023,1282,2961
2024,1985,5063
2025,1697,5489
2026,1608,5869
2027,2199,6714
2028,2116,7113
2029,2806,4054
2030,1698,3622
2031,1831,3326
2032,1389,4178
2033,1765,5804
2034,1300,5243
2035,1208,4278
2036,1945,3007
2037,1821,2725
2038,2015,2467
2039,2282,2321
2040,1024,1831